-1.532126,-1.817761,-2.024562,-1.680894,-.569207,1.139494,.922309,.220318,0,1,0,0
-2.175629,.941194,1.413799,1.118931,-1.770509,-2.233531,-2.598632,-2.196849,1,0,0,0
1.016716,.931141,-.160572,1.962238,-.381173,.180014,-.290557,-.374012,0,1,0,0
.827265,-.262198,.378386,1.265676,-.418218,-.394155,-1.032817,-.63955,0,1,0,0
.230485,.89357,2.201166,.566269,1.273258,.707839,.977599,1.20361,0,1,0,0
-.117312,-.426614,.641083,1.928357,-1.130599,.013553,-.98497,-.067501,0,1,0,0
.672366,1.711492,2.468436,.947287,.279776,-.642322,-.098715,-.342382,0,1,0,0
-.08349,1.118358,.128163,.193224,2.107089,.194845,-.67066,.036263,1,0,0,0
-.070745,2.941249,2.986282,4.471271,-.329537,.209081,.206781,-1.319994,0,1,0,0
.643213,3.292367,1.587528,2.467243,-.317422,-1.599296,-1.772823,-1.781525,1,0,0,0
-1.088929,-.78768,-1.531977,-1.237365,-1.031454,-.909174,-1.508922,-.898804,1,0,0,0
-.149802,-.606091,.846284,-.820384,-.604399,-.382863,-1.15404,-1.569425,0,1,0,0
-1.259067,1.754724,1.476107,1.778103,.89685,-.685289,-.552186,.335222,1,0,0,0
.390217,3.313444,1.494962,1.808759,-.638791,-1.478666,-2.920655,-2.40709,1,0,0,0
-.634657,-.145466,-.922697,1.09044,.8391,-.095008,.455192,-.409761,0,1,0,0
-.156673,-.105875,-.258228,1.739154,1.603542,-.965046,-.331427,-1.10595,1,0,0,0
-1.217466,-1.549417,-1.413687,-1.450731,-.635648,-.898851,-3.023328,-1.879873,1,0,0,0
2.012794,1.414464,1.167647,-.034854,-.498711,.489341,2.368618,.482135,0,1,0,0
-1.09326,-1.047312,-.383923,-2.703293,-.554847,.118914,.636415,-.886848,1,0,0,0
.169873,1.715151,1.383861,1.686043,.55571,.799966,.458689,.879037,0,1,0,0
.581335,1.227836,1.630794,2.361202,-1.914571,-2.231674,-2.480133,-2.878443,1,0,0,0
1.28052,1.977392,2.755514,3.203707,.3137,-1.195593,-1.090843,-.721462,0,1,0,0
1.701648,2.206661,2.445695,2.95135,-.666919,-.163804,-1.389804,-1.255594,1,0,0,0
-2.118846,-2.02836,-.718692,-1.858807,-.370694,-.602046,-.775374,-1.156053,1,0,0,0
.978431,1.404545,.444847,1.318834,1.755785,.58915,.158565,.43982,0,1,0,0
-2.592816,-1.796629,-2.046298,-1.058838,1.102339,.264519,.766716,.541795,0,1,0,0
-.243306,1.123378,.149709,.624814,-1.484286,-.121899,-.456361,-1.06805,0,1,0,0
1.754468,1.335453,1.733863,1.855548,1.357715,.516639,-1.218327,-.742247,1,0,0,0
.571588,-.626028,-.702356,-.6544,.105139,1.228421,.016255,2.009197,0,1,0,0
.523319,.988449,2.139974,3.46214,1.544031,.648962,.947237,.329543,0,1,0,0
-2.542788,-.721198,-.802464,.111724,-1.231368,-.751408,-2.468192,-2.397711,1,0,0,0
.336664,2.5278,2.261074,4.650176,-.18526,-.051721,-.828715,-1.2963,0,1,0,0
-.998658,-.991322,-.878136,.253792,-.043754,.400103,.254744,.117746,0,1,0,0
-2.063732,-1.949121,-2.362374,-2.591533,-1.152044,.327298,.206047,-.013888,0,1,0,0
.034893,-.211283,.410111,1.489867,1.270924,-.81442,-.90011,-1.265953,1,0,0,0
-.25224,2.061012,2.031563,1.987982,-1.03334,-1.591334,-1.988008,-1.765777,1,0,0,0
-.688945,2.830125,2.722331,2.353025,.892147,.954057,.399515,-.524098,1,0,0,0
.26073,-.883729,-.181506,.919847,-.393713,1.208363,.972795,-.822711,0,1,0,0
.410908,-1.015178,-2.452128,-1.58924,-.159227,1.99632,-.390172,.856744,0,1,0,0
-.491851,.725464,.763677,2.74185,.593193,-.112165,-.317702,-.189163,0,1,0,0
1.461159,1.169783,1.443683,1.546771,.478077,.589408,-1.287898,-.784995,1,0,0,0
.192948,-.092045,1.080123,.42155,-1.009719,-1.592392,-2.06636,-2.354555,0,1,0,0
1.416007,.136918,.182599,.196886,1.083934,-.073981,-.261929,-.952125,1,0,0,0
-.498552,.586032,-.390446,.591996,.985526,-.520619,-.163317,-.93573,0,1,0,0
.804991,-1.101982,-.638151,-.458751,.310602,-.191902,.514782,-.368658,0,1,0,0
-.41856,-.417993,.828658,.872756,1.520435,2.540961,2.421824,1.260234,0,1,0,0
.288917,-.774363,-.77049,1.341333,-.779249,.895657,-.365619,-.249406,0,1,0,0
-1.467124,.795954,.64236,-.456765,-.832805,-3.236467,-3.393946,-3.291325,1,0,0,0
-.641738,-.104625,-.090638,.342055,-.115734,-.844998,-1.08087,-1.717995,1,0,0,0
.030268,1.246033,1.705416,1.244293,-.538504,-1.64102,-2.217264,-2.591989,1,0,0,0
.171175,.803672,-.16862,.255434,2.345864,.731267,.000261,.101697,1,0,0,0
.281874,.460229,1.120556,1.758338,-.997104,-2.07164,-1.305817,-1.415939,1,0,0,0
.755821,1.116137,2.282531,4.1272,-.021448,-1.172122,-1.665986,-1.724222,1,0,0,0
-1.248671,-.605062,.345402,.134484,-.687585,-1.418941,-1.265073,-1.081324,1,0,0,0
-1.530757,.581972,-.091438,.584475,-.481301,-2.234814,-2.292995,-2.000501,1,0,0,0
.468102,.384014,1.552778,1.922009,-.284338,-.792883,-.269774,-1.202477,0,1,0,0
1.238582,.626971,.81218,-.407808,.138972,-.31949,-.171672,.216262,0,1,0,0
-.531566,-.775093,.393306,.031167,-2.190553,-.700827,-.768853,-.708025,0,1,0,0
-.688006,.975746,1.921558,2.633384,-1.996029,-1.842869,-3.808195,-2.671727,1,0,0,0
-.656293,1.15151,-.993121,-.425431,-1.484902,-1.440294,-1.216005,-2.050857,1,0,0,0
.720161,2.639033,2.928591,2.316572,-.21222,.035072,-.357553,-.586876,0,1,0,0
-.695414,.021592,-.447458,1.294195,-1.359197,-1.345997,-1.665653,-1.796364,1,0,0,0
-.528031,1.400196,2.655312,.691827,-.249433,-1.200448,-1.81096,-2.244614,1,0,0,0
.292425,-.610197,-.616152,1.126663,-.708349,-.528647,-.815002,-1.952549,0,1,0,0
-1.015771,-.600543,-.552747,-.432645,-.888998,.017771,-.023237,-.634865,0,1,0,0
1.853564,2.254011,2.64385,5.309347,-.47204,-.366958,-1.146631,-1.175591,1,0,0,0
-.464355,1.410064,-.012926,1.419345,.732803,-2.072087,-1.974839,-3.04712,1,0,0,0
-1.0111,-.510448,-1.392043,1.38223,-.693596,.027747,.339696,-1.909039,0,1,0,0
1.157241,.405846,.702665,-.415239,.74385,.760611,.899497,.341245,1,0,0,0
-1.341846,-.610967,-.190621,.61186,-.174356,-1.234448,-.614901,-.574812,1,0,0,0
-1.25578,.173201,.396567,.234158,2.0581,1.887738,1.925277,1.247379,0,1,0,0
.097806,.454843,2.074753,1.33483,.056874,-1.458256,-3.204777,-1.506949,1,0,0,0
.818974,-.183469,.327212,2.211859,.57021,-.474711,-.522989,-1.829639,1,0,0,0
-.905582,-.803119,-.268689,-2.083866,.473949,.189818,-.023903,.592847,0,1,0,0
-.040837,1.1304,.599869,1.606174,-1.628128,-2.115876,-1.802437,-1.485083,1,0,0,0
.339714,1.262202,.736026,1.401154,-.307224,.405392,.700092,.702239,0,1,0,0
1.56674,.77152,1.069853,1.610876,-.183942,.461709,-.372607,.810733,1,0,0,0
.767637,-.815306,-1.169338,.237074,.760764,2.056148,.375148,.690797,0,1,0,0
-.865741,.44617,-.617331,-1.48369,-.192263,-1.100025,-.723074,-1.102128,1,0,0,0
1.100855,1.799432,2.823619,3.380231,-.122071,-.6575,-1.419765,-.610915,1,0,0,0
-.824899,1.751473,2.247717,2.040871,1.359483,-.764749,-1.463782,.735765,1,0,0,0
1.413066,3.449666,1.025613,1.69832,-.324389,-.954278,-.724426,-.625181,1,0,0,0
-1.352964,-.559847,-2.054982,-1.673189,-.063137,-1.231121,-1.139929,-.93907,1,0,0,0
.990068,.59798,1.095011,2.100538,.40593,-.279333,-1.092967,-.061708,0,1,0,0
-.251738,.493855,.383954,.364434,-.960503,-1.72476,.347204,-1.945548,0,1,0,0
.185382,3.348615,2.715958,2.175541,.637744,-.227533,-.755171,-.56426,0,1,0,0
-2.597209,-2.064945,-.431445,-1.319736,-.938538,-1.569707,-1.164845,-1.779711,0,1,0,0
-.844476,-.034059,.696162,1.792346,.568989,-1.352241,-2.608474,-2.360788,1,0,0,0
-1.029002,-.791528,-2.717635,-1.80241,-.436476,-.204333,.630358,.547771,0,1,0,0
.816858,1.217689,2.340328,1.917088,-.247466,-1.616036,-2.352395,-1.35062,1,0,0,0
-1.175267,.196788,.474168,.078232,1.317557,.656569,.18021,-.326932,0,1,0,0
-.39671,1.236449,.890403,2.154684,1.025044,-.803569,-.740337,-.97253,0,1,0,0
.156495,1.387708,2.673611,3.338918,-1.004021,-1.114468,-1.477943,-1.836079,1,0,0,0
1.006912,1.080363,1.024971,.618981,-1.29672,.023202,-.422338,-1.158355,0,1,0,0
-.242861,.573895,.724294,.057698,-2.02872,-1.803387,-1.40023,-.97401,0,1,0,0
1.381976,3.035257,3.522893,2.875517,1.000328,-.95179,-.728395,-1.815742,0,1,0,0
-.715024,-1.160408,-.244978,.150925,-.925193,.696544,.551683,.685629,0,1,0,0
2.138388,2.873256,2.486076,2.50709,.368328,-.43824,-.395291,-.104334,1,0,0,0
-1.690004,-2.193813,-2.402317,-4.268098,.015834,.817264,-.584909,.153654,1,0,0,0
-1.443877,.45248,-.969178,.563461,-.290646,-1.760468,-1.06301,-1.711363,1,0,0,0
-.355802,1.463978,1.357841,.149005,.956934,-.058678,-.855713,-.684528,1,0,0,0
.579197,.173684,-1.107637,.324601,.817559,.466772,-.614135,-1.195335,0,1,0,0
-.096211,.450795,-.135445,.429413,-.933522,-.316005,-.09967,-.204334,1,0,0,0
-.137072,1.548608,1.664769,2.070509,-.3837,-.542942,-1.875736,-1.66155,1,0,0,0
-.93243,-.514134,-.976244,-2.38952,.453368,-2.243271,-.671367,-1.879357,1,0,0,0
.729779,3.077271,3.809708,5.785812,-1.550579,-1.577602,-.692173,-.267814,0,1,0,0
.382908,-.664232,-.284594,-.47211,.374906,.918073,.709863,.415531,0,1,0,0
-.30902,1.173297,.772081,2.119962,-1.831013,-.828272,-2.439215,-1.76195,1,0,0,0
-.595537,.372555,.827799,1.107091,.465693,-1.282574,-.867345,-.970858,1,0,0,0
.645058,.60424,-.066921,-.084939,-2.035617,-2.02323,-2.101583,-1.832433,1,0,0,0
-.048677,2.411608,3.326809,2.659992,.646087,-1.520623,-1.967786,-2.914365,1,0,0,0
.758439,2.161342,1.305447,.442778,.817415,-.559301,.026121,1.00031,0,1,0,0
1.681753,1.822642,.801919,2.142448,-.579039,-1.002975,-3.268952,-1.481047,0,1,0,0
.000371,1.99453,1.441333,2.444879,-.885702,-.903935,.290107,.044663,1,0,0,0
-.212296,1.494137,1.876271,1.690145,.907218,1.064071,.457393,-.471697,1,0,0,0
-1.246365,1.558394,.624161,1.38537,-1.380167,-2.353051,-1.334936,-1.60968,0,1,0,0
-.41274,.691152,2.032278,1.506239,.353334,-.849376,-1.173606,-1.913927,0,1,0,0
2.249226,.197457,-1.081622,.712965,.301143,-.048573,-.535548,.580049,0,1,0,0
-1.553938,-.753067,.25042,-.920097,-.977549,-1.614082,-2.040295,-2.544286,0,1,0,0
1.840281,.776578,1.03082,2.766789,-.163361,1.948147,-.560912,-.443845,0,1,0,0
2.100454,3.285218,1.227168,2.077117,.973529,.377784,1.549963,1.837618,0,1,0,0
.770435,1.404301,2.424911,2.549592,.514617,-.14958,-.857721,.317889,1,0,0,0
.298513,1.420918,1.265385,1.02097,-.966132,-2.611868,-2.464563,-3.120871,1,0,0,0
-.350475,-.766636,.105217,.525653,-.46541,-.935406,-.976048,-2.720115,0,1,0,0
.543197,.389994,1.67479,.314846,2.190799,.901221,-.112755,-.650439,0,1,0,0
-.337105,-.01213,.470601,.775336,.478241,1.884619,.220295,-.062594,0,1,0,0
1.205969,1.179031,-.148716,1.721852,-.173144,.906759,-.311119,-.847543,0,1,0,0
-.198743,-.763424,.087983,.772972,.978297,-.321891,-.883331,-1.320647,1,0,0,0
-.063083,-.454064,-.530673,.207775,.907578,-.21983,.180123,-.547493,0,1,0,0
-.300713,1.238877,.862078,1.59305,1.250997,1.31939,-.157456,.438858,0,1,0,0
-.334749,1.426045,-.310421,1.27579,-.422221,.122197,1.71669,-.075722,0,1,0,0
-.773849,-1.459932,-1.104293,-1.034331,1.142982,1.187749,-.270873,.244226,1,0,0,0
-2.768326,-1.801236,-.913266,-1.265627,.054175,-.668392,.070013,-.195875,0,1,0,0
.772484,2.163545,2.582759,2.16775,-.498898,.845257,-.683774,-.797687,0,1,0,0
-.224204,1.736013,3.318419,3.963697,1.30529,-.124474,-1.407817,-1.322611,1,0,0,0
.257186,-.043195,.041426,.950613,.685939,-.125745,.783396,1.659004,1,0,0,0
-.225179,1.77864,3.724384,4.437547,1.12736,-.848513,-.132933,-1.205336,1,0,0,0
-1.85729,-2.067787,-.023094,.290161,-.207404,-.708905,-1.424004,-1.417965,1,0,0,0
-.408598,.055136,1.986247,2.139648,.553805,.753248,-1.107379,.693691,0,1,0,0
-.017243,.089096,1.107564,2.035971,.532239,1.055552,-.471282,-1.194328,0,1,0,0
-1.038995,-2.613981,-2.873347,-1.637208,.247467,.044784,-.141093,.120281,0,1,0,0
-.676191,1.431809,.923823,1.877054,1.143635,-1.234723,-.249311,-2.328646,1,0,0,0
-.987789,-1.695449,-1.074214,-.011589,-.549058,-.709404,-1.372072,-1.330217,0,1,0,0
1.446584,2.06506,.68377,1.777079,-.82164,-1.593297,-1.184115,-2.811983,1,0,0,0
-.145372,-1.203024,-.90631,-1.293924,-1.812463,.674067,-.051553,-1.248654,0,1,0,0
-1.631179,-1.615462,-3.15884,-1.719849,.97458,.904598,-.806446,-2.28686,0,1,0,0
.675174,.844629,2.420327,2.155995,-.267421,.422171,.815426,1.591165,0,1,0,0
.565058,2.385156,1.096601,.150855,-1.757822,-2.003731,-2.366166,-2.393342,0,1,0,0
-1.171253,-.96022,-.065892,.777275,-.441576,.03339,-.658103,-.78725,0,1,0,0
-1.173386,-.340697,.744811,.231688,.359714,-.298882,-.653511,-.336319,0,1,0,0
-.071198,1.101224,1.958015,2.138181,-.399557,.820862,-.243133,-.174419,0,1,0,0
-1.088006,-.491922,-.529119,1.407872,-.432953,-.267154,-.340371,-.941254,1,0,0,0
.253341,2.282366,1.98532,2.965727,-.394113,-2.346631,-1.747532,-1.406533,1,0,0,0
.519367,2.61118,1.257774,.307193,-.096931,-.812131,-.837824,-1.276015,1,0,0,0
.71117,1.495694,1.338783,.124854,2.019623,-.912371,-1.032958,-.706079,0,1,0,0
-2.054212,-.763896,-.238196,.74909,1.312312,1.872997,1.43654,1.848723,1,0,0,0
-.753711,-1.855499,-1.009153,-.101246,-.639046,-.293101,-.196697,.113493,0,1,0,0
-1.770078,-2.151391,-.792427,-1.013528,2.651868,2.658187,1.08106,1.541691,0,1,0,0
-1.436522,-.480726,.33827,1.345888,.368847,.960658,.413939,-.864453,0,1,0,0
-.994664,.48933,.420391,-.976479,-.044843,-.350515,-1.786353,-1.391542,1,0,0,0
-.337787,-.365135,-1.375354,-2.015625,.123649,.49683,1.495895,1.409658,0,1,0,0
.062472,-.490993,.29394,-.371795,.664673,-1.495594,.611765,-1.107436,1,0,0,0
.572233,.816839,1.732217,.53535,.684117,.117741,.228099,-1.00223,1,0,0,0
-1.294774,.48742,1.062073,1.559562,-1.636405,-3.137031,-2.910283,-2.26637,1,0,0,0
-.228293,.191575,.057179,.836679,-1.024037,-.290818,-.364424,-1.23981,1,0,0,0
.040408,2.3382,1.711822,2.380938,-.960062,-1.320677,-1.663878,-1.899213,1,0,0,0
-1.74154,-1.850464,-.518428,.429153,.160714,-.48688,-.127308,-.190486,0,1,0,0
-1.602161,-.658207,.236913,.40987,-.264339,.911619,-.262084,-.733385,0,1,0,0
1.278145,2.144836,3.822796,2.667841,1.017119,1.384937,.579913,.399795,1,0,0,0
1.940549,2.600715,2.311691,.513511,-.591246,-1.790865,-.966532,-.557285,1,0,0,0
-.634843,-.330197,-.339393,1.713373,2.503845,-.568441,-.974953,-2.449158,1,0,0,0
1.243466,1.239127,1.542795,2.127383,-.15196,-.828008,.514663,1.024166,0,1,0,0
1.27287,1.013288,1.86921,.704101,-.315347,-.290259,.50082,-.34427,0,1,0,0
-.112209,1.643255,3.665013,2.626048,-1.683414,-1.433632,-2.12054,-2.218011,1,0,0,0
.393402,1.360683,2.718357,2.526493,.835737,-1.918855,-1.210498,-.493468,1,0,0,0
-.229393,-.352944,-.205818,-.225344,-1.398891,-.365243,-.48848,-.770928,0,1,0,0
1.248227,1.283197,1.199309,.79544,-.484911,-1.28187,-1.090135,-1.616123,0,1,0,0
.048973,-1.734842,-1.511207,-1.980228,.176681,-.017237,1.864182,1.242926,0,1,0,0
1.030512,1.896131,2.249297,1.960853,.829264,-.369746,.523728,.486161,0,1,0,0
.987971,2.401076,3.516793,1.439,-.74128,-.070464,-1.010425,-.931637,1,0,0,0
.5075,2.6986,2.590515,3.223934,-1.004661,-1.079716,-.960786,-.847086,1,0,0,0
-2.22002,.738933,1.83294,.810516,-.353335,-2.703214,-2.446438,-1.501287,1,0,0,0
-.629101,1.440164,2.015789,3.762996,.875454,-.312811,-1.150573,-1.422246,1,0,0,0
-1.13841,-2.208537,-.938338,-.032163,.431943,.26089,-.239987,.600449,0,1,0,0
.024902,-.495928,.883512,.148467,-1.05886,-2.055503,-1.142799,-1.397401,1,0,0,0
.786369,-.768769,.325572,1.977337,.321916,-.333614,-.785971,-.246205,1,0,0,0
-1.715919,-1.537346,-1.434625,-1.110033,.744012,.958999,.401034,-.410425,0,1,0,0
1.785139,1.210409,1.520315,1.483234,.134249,.036454,-.075227,-.60294,0,1,0,0
-.756254,.289866,2.019261,1.385475,-.545522,-1.099976,-1.824723,-1.403008,1,0,0,0
1.55119,1.624933,1.924971,.895793,.163664,-.619822,-.688222,.108468,1,0,0,0
-.641451,-.242056,.998419,.284423,.014592,-.379891,-2.027654,-1.523145,1,0,0,0
.673608,-.212376,1.669896,1.254301,-.325524,.071622,-.87931,-1.287226,0,1,0,0
.916955,1.205953,2.153184,3.560566,.731991,.36642,.344307,.289299,0,1,0,0
1.513105,2.063235,1.995546,3.81085,.463688,-1.797665,-1.666927,-1.442085,1,0,0,0
-.282835,.713615,1.525282,1.093575,-.436731,-.650361,-1.003581,-.235663,1,0,0,0
.073865,-.107275,1.666715,.341375,.199968,.10161,-.42489,-.870698,0,1,0,0
-.598644,.873389,.225349,.519038,1.253196,-1.467087,.614991,-.257215,0,1,0,0
-1.149799,-1.470495,-.292115,.482021,.988813,.430523,-.578572,.562654,0,1,0,0
.935403,-.243332,.510553,1.579385,-.072075,-.68916,-.180294,-.199693,0,1,0,0
-1.242657,1.246944,.875368,-.258237,.316655,.424768,.054643,.990321,1,0,0,0
.34254,1.92214,1.491853,1.579849,.783137,-.481867,-.579151,-1.159782,1,0,0,0
.18119,-1.06937,-1.41755,.37689,.056321,.140386,-.277592,-.845211,0,1,0,0
-1.222248,-.985184,-.134122,2.707919,.479895,-.70051,-2.281274,-1.755814,1,0,0,0
-.966453,.397226,.093279,-.817585,.591483,1.268997,2.362699,2.535415,0,1,0,0
1.274128,1.019141,1.662502,1.301843,-.097729,-.648231,.014884,-.961,1,0,0,0
-1.814446,-.228979,-.913322,.047371,1.626455,.595338,.018607,-.137283,1,0,0,0
1.583388,2.643386,.160228,1.501925,.608922,-1.745393,.009486,.630521,1,0,0,0
-1.117661,.306764,1.863503,.790221,-1.725221,-2.777615,-1.831328,-3.045101,1,0,0,0
-1.044136,-.486815,-.169915,.289789,.481072,1.018085,.627888,.519513,0,1,0,0
-1.520768,-.50258,-.535827,.46503,.189462,.387784,-.343919,-.360347,0,1,0,0
-1.536561,-1.072965,-1.778384,-3.691745,-1.690241,-1.029643,-1.784438,-.188353,0,1,0,0
1.491129,1.853283,1.086119,1.159157,-.520284,-1.927287,-2.438109,-2.176508,1,0,0,0
1.37962,3.063421,1.757109,2.787929,.152148,-.028797,.830516,-.406898,0,1,0,0
-.198088,.217571,1.488622,2.103712,.925902,-1.032137,-1.009096,-.812146,1,0,0,0
.133679,1.130591,-.539054,-.549031,.745147,1.719818,.872718,.55729,0,1,0,0
-.15368,.999306,2.142841,1.458032,.590309,-.878951,.358147,-.919437,1,0,0,0
.064711,.260608,.851689,1.575733,-.404492,-1.804622,-2.066879,-2.994671,1,0,0,0
.753051,-.029523,.898146,-.574423,.146892,.276463,-.105679,.829634,0,1,0,0
.677715,1.85837,1.39565,.805681,-1.375683,.136745,-.118711,-.109061,1,0,0,0
.115182,.853887,1.512,2.388109,-1.817008,-1.974432,-.282024,-1.873256,1,0,0,0
.260124,2.456767,2.734514,3.143609,-1.621079,-1.35783,-1.06606,-.526284,0,1,0,0
-.869077,.167936,1.776722,.121617,2.835534,.560375,.490733,1.167251,0,1,0,0
.181018,.758859,1.746364,.993797,1.330092,.499055,1.388632,-.601171,0,1,0,0
1.039097,2.11115,1.021298,.765243,2.527933,.944884,2.235389,1.108183,0,1,0,0
.340166,-.064512,1.280985,1.646936,-1.056676,-1.790508,-1.840375,-2.511514,1,0,0,0
-1.026833,-.553922,-.944418,-.236996,2.571548,1.020319,1.260331,1.356316,0,1,0,0
-1.770549,-1.017227,-1.421673,.221264,.514828,.46907,-1.271289,-.822214,1,0,0,0
.562629,1.17895,.513235,.359301,2.053189,1.99088,.966921,1.131459,1,0,0,0
1.289397,2.38226,1.968868,1.723128,.682717,-.130965,.719694,-.082987,0,1,0,0
-.321301,-.235759,-1.013276,.686928,-1.418983,-1.018051,.638806,-.214101,1,0,0,0
-.389277,1.229649,.871721,1.708979,2.347446,-.984589,-.165095,-1.009021,1,0,0,0
-.84967,.85922,1.458121,1.840869,1.284653,-1.086069,.420634,-.264885,0,1,0,0
1.725055,.487344,.180511,.101696,-.971688,-1.871208,-1.208608,-.31507,0,1,0,0
.943368,2.004388,1.432663,2.130618,.142592,-1.26261,-1.596955,-1.070175,0,1,0,0
-.6103,-.027532,.997253,.81924,.899527,1.126183,.256014,.546665,0,1,0,0
-.34889,-1.055599,-.826879,-.081571,-1.406579,-.900033,-.805291,-1.584163,0,1,0,0
.771282,.281794,1.886547,3.613961,1.008917,-1.617744,-1.215755,-.6328,0,1,0,0
.996462,2.358265,2.811565,2.718542,1.134022,.190256,-.400581,-.211512,1,0,0,0
.667307,1.338681,1.714359,1.881931,-.053214,-1.57783,-.764006,-1.860004,1,0,0,0
.571524,-.435319,-1.670944,.658546,-.458274,.606566,-.215489,-.693151,0,1,0,0
-1.112653,.767652,.929506,1.346031,-.105022,-1.796017,-2.988044,-2.997619,1,0,0,0
-.903741,-1.175376,-2.4365,-1.045618,-.730216,-.362872,.571109,.263952,0,1,0,0
.340003,.660916,1.611795,.228142,1.141654,.036978,-.280631,.201825,1,0,0,0
.865655,3.370072,3.429464,3.631847,-1.949595,-2.321387,-2.123268,-1.329594,1,0,0,0
-.361799,2.752984,2.166738,1.164394,.170262,-2.323405,-2.692545,-3.269004,1,0,0,0
.508934,1.539816,3.319802,1.420307,.006609,-2.384525,-1.565118,-1.345591,1,0,0,0
1.128987,1.665558,1.236087,2.542183,.974828,.030988,.754511,.888597,1,0,0,0
.706209,.278978,-.044082,1.50194,.101167,-1.862658,-2.505958,-1.791781,1,0,0,0
-.596037,-.902441,-1.712677,-1.240668,-.938161,-1.133021,-1.635693,-1.654496,0,1,0,0
-3.375161,-3.506675,-2.531973,-3.9564,-.331409,.091036,.420654,.642329,0,1,0,0
.253731,1.394305,1.175679,1.257276,-1.138433,-1.696983,-1.918979,-1.415484,0,1,0,0
.270864,-.593023,1.414256,.684471,2.127376,-.399392,-1.035577,-1.214182,1,0,0,0
.085197,.60876,.607068,3.38019,.149738,-.800586,-.403508,.210739,1,0,0,0
-1.155179,-.724109,-1.108841,-1.880674,-1.892397,-1.202233,-1.036419,-.147303,0,1,0,0
-1.314175,-1.003421,.163417,.271655,-.668534,.961055,.123872,.082011,0,1,0,0
.884844,-1.02197,-.01853,.444173,-.365525,.114466,-.332291,-.437795,0,1,0,0
.991255,1.292795,.266624,.509999,.48387,-.647911,1.073916,-.187617,1,0,0,0
-.197206,.286288,1.828325,1.50755,.115796,.837256,-.390897,-1.043634,0,1,0,0
-1.986928,-1.196553,-1.036927,-.657256,.726265,.294079,.490636,.2716,0,1,0,0
-1.559424,-1.573955,-1.178036,-.589789,.507214,1.521158,2.460757,1.665269,0,1,0,0
.010634,-.58448,1.433887,.181855,.381019,-.100534,-1.427474,-.861957,0,1,0,0
-.812149,-.087066,-1.635416,-1.125936,1.26991,.773069,1.126034,1.097817,0,1,0,0
-.66245,-.048294,1.899934,1.978838,-1.742502,-2.39064,-2.136814,-2.234463,1,0,0,0
-.461658,1.848271,.438903,1.825712,2.423795,.310397,.867455,-.600261,1,0,0,0
-.69951,.601251,.076496,1.30401,-.553932,-1.288549,-1.98709,-.434188,0,1,0,0
1.826114,2.703243,2.021804,3.285392,-.065917,-.813286,-1.224315,-1.606631,1,0,0,0
.373728,.066601,-.571843,1.51964,.419868,.454511,1.208347,-.166335,0,1,0,0
-1.010921,-.115618,-.095872,1.458098,.621863,.953009,-.218725,-.574223,0,1,0,0
-1.170272,-1.198645,-2.133698,-2.086647,-.384965,-.418284,.059227,-.722053,0,1,0,0
-.356897,.597586,2.244323,1.226492,.402507,.815429,-1.046484,-1.082526,0,1,0,0
.69827,.810457,.84536,2.469666,.650038,-1.900413,-.409007,-1.531179,1,0,0,0
.01483,.420267,.553791,-.554627,.278429,-.782853,-1.634125,-1.581574,0,1,0,0
.428559,.798283,-.349967,2.185824,-.370264,-1.201582,-1.663549,-1.85979,1,0,0,0
.139455,-.138546,.615378,1.054576,.896166,.449313,-.137917,-1.098759,1,0,0,0
-1.35427,-2.679597,-2.441388,-2.591483,-1.270012,.450563,-.917858,-.80564,0,1,0,0
-1.176681,.440513,1.23679,1.688945,.686033,-1.623766,-1.371579,-2.029111,1,0,0,0
-2.444996,-.297256,-.803022,-1.162146,.90345,.704499,.658425,.207697,0,1,0,0
-1.001618,-.187034,-.703035,.198469,-.252181,-.463499,-.300936,.521949,0,1,0,0
-.059838,.734021,.781434,1.441582,-.539123,-.486108,-1.432209,-.014831,1,0,0,0
-1.575032,.072094,-.294573,-.844689,2.041035,-1.646148,-1.497513,.808542,1,0,0,0
-.420337,.117948,1.12099,-.140286,-.489774,-1.824357,-1.70107,-1.31309,1,0,0,0
1.302039,1.508644,3.58786,3.146274,1.238941,.023516,1.092222,1.217143,0,1,0,0
-1.04524,2.26193,1.914369,2.000615,.41215,.158627,-.082015,.414544,0,1,0,0
-.413967,-.068153,-.136557,.632571,-1.542639,-2.240952,-4.020949,-2.757018,1,0,0,0
-.619775,-.233498,-1.95406,-2.537772,-.51769,-.373677,-.114693,-.772707,0,1,0,0
.555683,1.279229,2.658994,1.555345,1.127639,-1.402611,-.697178,.220009,1,0,0,0
.902674,2.080184,2.324012,2.927335,-.646637,-.37599,-1.228932,-2.015147,1,0,0,0
-.321906,1.046613,.482492,2.606831,-.921869,-1.995708,-2.050086,-1.149437,0,1,0,0
-2.101091,-2.058603,-1.497836,-2.267475,-.0734,-1.925213,-2.006714,-2.448148,0,1,0,0
-.789127,-.522565,.448656,.482741,-2.026456,-2.077686,-2.827079,-3.571283,1,0,0,0
1.480552,1.108396,2.451304,2.060693,-1.186634,-1.154079,-1.722967,-.595874,0,1,0,0
-.344663,-.083249,-.010192,-1.056926,1.20211,-.126253,-.7746,.035225,0,1,0,0
-.389166,.638589,.564552,.517259,.069309,-.083888,-.057194,-.759697,0,1,0,0
-.763685,.233854,.349651,.507992,.320156,-.118571,-.019502,.749673,1,0,0,0
-.708429,-.843184,-.311378,-.370974,.278587,-1.205483,-1.628595,-2.061763,1,0,0,0
.590009,.234881,1.264623,1.562118,.408075,-.363321,-1.106513,-1.515458,1,0,0,0
.281154,.701742,.738493,-.00199,.017962,-1.659987,-2.219384,-1.369754,1,0,0,0
-1.71546,-.025827,-1.227268,-1.721058,.4776,-1.164236,-1.141079,-2.367651,1,0,0,0
-.720521,-1.01098,-.631641,-.291245,1.469184,1.061173,-.502149,-1.01171,0,1,0,0
1.609255,2.245076,2.629972,2.90694,-1.017925,-.383256,-.373148,-1.24974,1,0,0,0
-1.475565,-.306713,-.042586,-.003231,.231166,-.678008,.502024,-.474044,1,0,0,0
-.283072,-1.076161,.9204,-.130906,-.49051,-.778944,-1.274599,-.470607,0,1,0,0
1.125926,1.505709,1.678515,2.695684,1.455415,.679374,-.571484,.202553,1,0,0,0
.267989,-.663864,-.058351,.354342,.261945,-.210928,-.192055,-.810031,1,0,0,0
1.058054,1.273936,.19949,.801308,1.002727,.278728,.342659,-.30214,0,1,0,0
-.12531,.278719,-.128868,-.808744,-.457499,-2.308497,-1.76648,-.490844,1,0,0,0
.935602,3.929428,3.020856,3.272615,-.330977,-1.964439,-1.388858,-1.722002,1,0,0,0
1.194683,1.276977,1.148683,.019842,1.374101,.381527,1.056756,2.462796,0,1,0,0
.043963,1.822656,1.421878,1.07783,-.350111,.415578,-.552281,-.154972,0,1,0,0
.899405,2.265541,2.027893,3.887861,-.157141,.378508,-.644403,-1.294268,1,0,0,0
.210999,4.173615,3.136232,3.244504,-.870827,-1.877767,-1.210959,-1.714377,0,1,0,0
-.24077,-.825999,-.05655,.706405,-.297543,-2.414598,-2.916388,-2.223504,1,0,0,0
-2.230834,-1.661255,-2.669753,-1.66853,-1.502957,-.431813,-.717378,-1.892627,0,1,0,0
.245864,1.126882,2.244287,2.219057,-.489358,-1.392861,-1.330575,-1.945635,1,0,0,0
.820732,-1.722565,-.927235,-.200421,.052007,-.265698,-1.836855,-1.847504,1,0,0,0
-2.374523,-1.567778,-1.400469,-1.441129,-1.495877,-1.503244,-2.323845,-2.659156,1,0,0,0
.028135,1.637873,.781052,1.761707,-1.305591,-3.866038,-2.194879,-1.549306,1,0,0,0
.774011,2.541228,2.022705,2.638651,.158889,-.249274,-1.122406,-.845867,1,0,0,0
-.389355,.567822,.605703,1.74837,-.915934,-.230924,-1.492999,-1.367536,1,0,0,0
1.941391,2.230715,4.148029,3.517258,.83965,.632385,-.99023,-.46454,1,0,0,0
-.180272,-.777258,-.512298,.73935,-.067092,-1.087051,-.885743,-1.07317,0,0,1,0
1.227779,2.763044,2.006248,1.701803,.36407,-.951318,-1.969361,-1.430282,0,0,1,0
-1.65151,-.304342,-.98002,.320948,1.672549,1.155261,.258096,.193418,0,0,0,1
.197887,.955564,1.039819,.937167,.246226,-1.90463,-2.664339,-.807799,0,0,1,0
.726094,1.213617,1.2938,.84189,-.501825,-.745619,-.41646,.203733,0,0,1,0
-.543893,.139657,.822722,-.849272,-2.259707,-2.022203,-.212775,-2.501034,0,0,0,1
.124884,-.063445,.523411,-.132343,-1.197906,-1.596009,-1.133628,-.55088,0,0,1,0
1.127728,1.187369,.948963,1.526147,.450875,.310408,-.27785,-.322753,0,0,0,1
.820518,1.36245,1.188429,1.899064,.003814,1.32273,-.067366,-1.630348,0,0,0,1
-.908849,-.465768,1.723692,1.550613,.295219,-.429581,-1.650006,-2.159688,0,0,0,1
.918889,1.077995,.266441,.578902,-1.152244,-.573381,.659587,-.268057,0,0,1,0
1.552395,-1.199349,2.460051,1.126153,.127047,.88411,-1.356349,-1.369993,0,0,1,0
.294218,.325689,.088697,1.032859,.288331,-1.063089,-1.382224,-2.870308,0,0,0,1
.513229,.921473,1.562377,1.692518,-.893978,-2.993328,-3.008202,-2.67254,0,0,1,0
-.912628,.916808,.856969,2.57058,-.829059,-1.608824,-2.515266,-3.166155,0,0,1,0
-2.614012,-1.981547,-3.144682,-2.293232,-.293936,-.38359,-.713563,-.666224,0,0,0,1
-.098014,.37986,-1.188888,-.813141,.271864,-.539016,-.523299,-.856198,0,0,0,1
.332814,1.535741,-.110747,-.297875,-.517443,-.590982,-1.168993,-.857431,0,0,1,0
.048475,.189494,1.05596,1.333911,-.238422,-.202167,-.252465,1.677463,0,0,0,1
-1.299607,-.953619,-.218551,.422058,-.51675,-1.915615,-2.222354,-1.612346,0,0,1,0
.518884,2.769521,3.749311,2.334801,-.257494,-1.527711,-1.232334,.003347,0,0,1,0
-.531557,-.252574,1.095293,.580833,-.549721,-.389698,.477786,.114328,0,0,0,1
.283555,.975084,2.08634,2.697929,-1.041696,-3.249431,-2.403967,-2.615992,0,0,0,1
-.770879,-.16077,.360348,.856752,2.357804,.283745,.096489,.274195,0,0,0,1
2.140404,2.976679,3.179433,3.29882,-.988464,-2.607886,-2.423719,-2.155443,0,0,1,0
-.648206,-2.280171,-2.640464,-4.226189,.039834,1.161329,-.199785,-.098444,0,0,0,1
.758674,-.419704,1.837731,1.126859,1.383798,1.042796,-.149494,-.267291,0,0,1,0
.054571,.658599,1.643277,1.526547,-1.179879,-1.609726,-2.00216,-2.022092,0,0,1,0
-.880549,-3.133015,-3.376487,-3.114827,-.307406,.610606,.827576,.350177,0,0,0,1
-1.604252,-2.216833,-2.566748,-2.298832,.84792,1.828174,2.464148,1.914128,0,0,0,1
-.097374,-.875537,-.646017,.276455,-.586644,.026282,-.900654,-1.463596,0,0,0,1
-1.328077,-.408691,1.651114,2.132437,-1.077268,-2.970567,-2.977178,-2.982839,0,0,1,0
2.057159,1.615837,2.614727,1.63977,-.6474,-.431725,.322053,.441695,0,0,1,0
-.591644,-.278292,-.004359,-1.140885,-.651721,-1.299337,-2.247109,-1.690581,0,0,1,0
.394573,.078414,-.51348,.373928,.379681,-.595668,-.509512,-.392897,0,0,1,0
-1.126347,.371731,2.766647,2.625898,-.370452,-1.391676,-2.429842,-2.221308,0,0,1,0
.928706,.948187,.025904,-.299544,2.660243,.708034,1.273527,1.504741,0,0,1,0
-.37657,-.64463,-1.597052,-.844641,1.587355,1.640576,1.73926,.451771,0,0,0,1
2.391617,.776162,1.201568,1.050485,2.508393,2.659916,2.905917,2.288636,0,0,1,0
.383163,.445836,1.261931,1.873898,.087772,-.837931,-1.73589,-1.646676,0,0,1,0
.338428,.075817,1.228169,2.320201,-.177141,-.191393,.059011,-.678087,0,0,0,1
-1.332682,-1.093819,.045862,.486378,2.550866,1.580912,1.401598,.69102,0,0,1,0
-1.892507,.685034,-.031138,2.161438,-.150123,-2.003852,-.999863,.294205,0,0,1,0
-.189129,.734248,-.954368,1.051804,-1.335761,-.810756,-1.072106,-1.705239,0,0,0,1
-1.205451,-2.431416,-2.255616,-.795068,-.51278,-.611831,-.957164,-1.516776,0,0,1,0
.816459,2.031552,2.962219,4.010226,1.17211,-1.446307,-1.795715,-1.640575,0,0,1,0
-.428867,.264798,.796312,.911665,1.457559,1.102677,-.273343,-.920572,0,0,0,1
.569617,1.138408,2.37736,3.695401,-.057341,-1.54451,-2.37537,-2.286908,0,0,1,0
.450184,2.34803,2.671028,2.445952,1.228357,-1.344087,-.29529,-1.248574,0,0,1,0
.420472,3.208909,1.299883,1.387373,-.023066,-1.559315,-.993999,-2.528725,0,0,1,0
-1.575315,-.504531,-.340685,.817899,.581022,-.819374,-.636656,-.628658,0,0,0,1
-.62159,-.732576,-1.539895,-2.588781,-1.674226,-1.416734,-.853304,-.90353,0,0,0,1
.175129,1.728637,2.641885,2.197921,1.32452,-.077356,-1.250936,-.92143,0,0,1,0
.800677,2.029019,2.578618,1.47605,.204939,-2.829119,-2.428563,-2.79418,0,0,1,0
-2.186036,-.561239,-1.196266,-.888321,.569029,.893315,.721553,.348677,0,0,0,1
-.369178,.255798,.623662,-1.099421,-.630975,-.672527,.075553,-.236317,0,0,0,1
-1.20857,-3.211118,-3.443934,-1.961321,.388542,1.470121,1.473062,1.2057,0,0,0,1
-.263198,-.232355,-1.102945,.355633,-.000461,.161604,1.157647,.337389,0,0,0,1
.523937,2.068169,1.701106,3.698993,-1.057828,-2.266216,-1.040954,-1.453798,0,0,1,0
.78741,1.982501,1.629832,.478621,-.285498,-2.044923,-1.518229,-1.993802,0,0,1,0
-.150631,2.096627,1.416206,1.739506,.230175,-.290251,-.209081,.141253,0,0,1,0
1.339827,1.831082,2.474505,1.497732,-1.523992,-1.01514,-1.785297,-1.261913,0,0,1,0
.3234,-.120219,1.001566,2.102821,1.292221,1.985808,1.666466,1.428666,0,0,0,1
-.158107,.614237,1.098736,2.137089,-.435116,-.555572,.309645,-.527466,0,0,0,1
1.075075,2.082413,2.332867,3.537409,-.041599,-.369881,-1.641026,-1.318633,0,0,1,0
.575661,1.906418,2.474463,1.530908,-.58784,-.312013,-.700066,-.183602,0,0,0,1
-.286606,-.685836,.395056,-.531563,-1.401462,-.332985,-.428266,-1.264266,0,0,0,1
.368803,.036647,1.034045,.71246,-2.076247,-1.742868,-2.200272,-2.356471,0,0,0,1
-.39237,.41796,.31019,1.379886,-1.049857,-.715581,-1.77303,-1.173804,0,0,0,1
.922567,.819403,1.398007,1.469403,-.138515,-.603242,-.726835,-1.088157,0,0,0,1
-.778238,.365315,1.403779,.945591,1.246798,1.308777,1.202212,1.411019,0,0,0,1
.557652,.987482,.76571,-.949285,-1.824904,-1.607486,-1.305878,-.03448,0,0,0,1
.377684,-1.54636,-1.547511,-1.429088,-1.789635,-2.280018,-1.299996,-1.272726,0,0,0,1
.676141,.278547,1.472398,.134385,-1.702897,-2.052271,-2.619357,-1.823873,0,0,1,0
.367983,1.486066,2.37835,2.24486,-1.067116,-.869407,-1.153207,-1.1421,0,0,1,0
.014614,-.148367,-.131411,-.116328,-.280238,-.634392,.419351,.137066,0,0,0,1
-.978772,-.664443,-1.077077,-2.103596,-1.336283,-.822152,-1.111104,-.395661,0,0,1,0
.404892,-.93076,-.104408,1.024596,-.062124,.138309,.610986,.874936,0,0,0,1
.72474,1.121142,-.07722,.964942,2.012921,1.722138,2.059534,.998213,0,0,0,1
-1.893718,.438116,.285705,-.454064,-.576335,-2.25419,-1.737841,-1.749538,0,0,1,0
.913118,2.018243,.020798,-.42035,1.71313,1.324826,1.698892,2.246741,0,0,0,1
1.046743,2.243565,2.065907,1.762463,.692775,.557254,-2.466973,-2.415425,0,0,1,0
-1.361368,.388976,1.547761,2.815707,.004343,.199428,-.726665,-.454822,0,0,1,0
.532926,2.236061,3.893991,2.26484,-.990235,-2.245354,-2.998855,-3.23595,0,0,1,0
-.771104,.061897,1.393781,-.652167,-.87353,-1.345902,-1.492284,-.64244,0,0,1,0
.950565,.800357,1.029973,1.320313,-1.28263,-.078775,-1.485796,-1.92711,0,0,0,1
-.308292,.699634,1.262281,.437208,.308559,.500409,-1.222487,-.619038,0,0,0,1
-1.139769,-.34515,1.20402,.980306,-.184531,.244503,.379354,.419143,0,0,0,1
-1.302123,-1.277465,-.786825,-.725789,-.460507,-.192653,.957851,.830731,0,0,0,1
1.468417,1.495794,1.448295,1.155038,1.279257,2.55583,2.436483,3.215337,0,0,0,1
.782609,.755661,1.891757,-.025898,-.198679,-.514455,-2.386535,-1.722352,0,0,1,0
-1.448479,.121501,-1.000117,-.67258,.391253,.021577,.140734,-.039815,0,0,0,1
.017757,.527164,1.254259,1.294681,-.051714,-.162358,-.43979,.477584,0,0,0,1
-.365743,-.445549,-.22755,.876049,1.687632,.532168,-.571509,.19926,0,0,1,0
.297627,2.285796,1.011978,1.445889,-.531144,-2.162785,-1.588597,-2.454094,0,0,1,0
.046078,.802092,-.986635,-1.770116,-.64823,-.646316,.142501,.686129,0,0,0,1
-2.137273,-2.060411,.004653,-1.653305,-1.772774,-1.303098,-1.187429,-1.409836,0,0,1,0
-.148028,-.248536,1.513552,1.578012,.990828,.661427,.471815,.637425,0,0,1,0
-1.290334,-.675634,-.354398,-.215454,1.393435,.457284,.694934,-.426946,0,0,0,1
.227794,.925358,1.676971,.820363,-1.49636,-2.77621,-2.908402,-2.318966,0,0,1,0
.754898,2.390247,1.762985,1.852739,-.985892,-3.389403,-2.821833,-3.190667,0,0,1,0
1.406377,.673116,-.529909,1.030668,1.353148,.045184,-.111109,.181789,0,0,0,1
1.447269,2.655049,.176561,.703186,.760927,.635147,.33617,1.264042,0,0,0,1
1.019182,1.395429,1.593325,1.25389,-.147096,-1.293774,-1.943036,-1.463128,0,0,1,0
-1.092265,-.387869,.984696,.083707,-.092024,-1.493453,-2.191023,-1.718737,0,0,1,0
-1.03461,-.134182,1.051021,1.722457,1.652371,-.801392,-1.498491,-.2836,0,0,1,0
-1.368323,-.928436,-1.693838,-1.75317,2.336413,1.684551,2.074859,1.318011,0,0,0,1
1.113422,1.579415,1.50856,-.033873,.339548,-1.309383,-.745338,-.908433,0,0,0,1
1.909127,4.012933,4.108526,4.941874,-1.522839,-2.077804,-1.593832,-1.179481,0,0,1,0
-.477623,-.656904,-.817802,.893162,-1.428568,-.464142,-1.555019,-1.629234,0,0,0,1
.916879,.216103,1.264811,2.064646,-.308868,.170223,-1.447741,-1.064694,0,0,0,1
1.376707,2.029764,.455149,.420696,-1.017867,-1.501298,-1.36904,-2.082264,0,0,0,1
.733178,.919961,.942121,2.369556,-.522403,-.655633,-.586674,.54812,0,0,1,0
.799371,1.149047,.388842,1.503904,-1.776406,-.607625,-1.42216,-2.01302,0,0,0,1
-1.598293,1.315939,.62279,.615454,.595664,-.543158,.499026,-.60863,0,0,1,0
-1.400246,1.035557,.734174,1.040881,-.572119,-1.26008,-2.239406,-2.396304,0,0,1,0
.935523,.086838,.940806,1.752586,-.376445,-.358622,.109592,-.621962,0,0,0,1
-.245258,1.504084,2.255241,1.865481,.158312,-.441212,-.105884,-.3131,0,0,0,1
-.040983,-1.906805,-.954874,-.365798,.678499,.209587,.429213,.850115,0,0,0,1
.44122,3.892839,2.043522,2.660133,3.23845,1.314278,.601464,.350588,0,0,1,0
-.284061,.132212,-.658048,-1.691794,.756292,-.060794,.963718,1.279466,0,0,0,1
1.790852,3.611945,3.628675,3.829345,.481602,.490068,-1.324266,.721242,0,0,0,1
-.170726,.057372,2.21237,1.89252,.270589,-.218448,-.00495,-.310237,0,0,0,1
-.556662,-1.215948,-1.702199,-2.562234,-.533678,.189561,1.055935,.073577,0,0,0,1
1.178673,1.916715,2.824875,1.937075,-.957714,-1.460897,-2.187678,-1.574275,0,0,1,0
-.488443,.185381,-.211585,.63605,1.345308,.696045,1.183134,.192087,0,0,0,1
-1.092702,-.152279,-.911392,-1.296033,-.505909,-.57436,-1.210123,-.864937,0,0,0,1
-.606841,.699741,1.523752,1.082702,-.000562,-1.598228,-.99228,-.00944,0,0,1,0
1.197089,-.62596,-.383389,.281535,.162726,-1.033413,-1.113856,-.748519,0,0,1,0
.316776,.311224,1.118676,.262592,-1.390262,-2.336474,-2.818017,-3.807158,0,0,1,0
-.945,1.069878,-.343457,-.623129,-1.769144,-1.55319,-1.86785,-2.734588,0,0,0,1
-.00497,-.673907,.701645,-.5159,.4442,-3.005538,-3.11511,-2.121248,0,0,1,0
-.900347,.425154,.606576,.1555,-1.03698,-2.124949,.076099,-1.360099,0,0,1,0
-.621428,.089699,1.585782,1.26957,-1.76191,-1.341187,-1.012094,-2.001413,0,0,0,1
.488095,1.606284,1.894262,3.341363,.256679,-1.363887,-.75795,-1.599169,0,0,0,1
-.374183,-.923819,-1.682941,-1.65229,.049952,-.417955,-1.033879,-.713198,0,0,0,1
-1.708263,-1.380305,-1.157347,-.971374,-.175144,.418901,.961687,-.816657,0,0,0,1
-2.412194,-.395509,.883302,.142683,-.603001,-.152884,-1.333762,-.894149,0,0,1,0
-.420534,-.845491,.964249,-.28882,.683936,.952445,-.170665,-.031728,0,0,0,1
-2.146557,-1.260084,.338219,-.619645,.800901,-1.573995,-.944491,-.45278,0,0,1,0
.655985,-1.004588,-1.777107,-1.529415,-.269206,-.270231,-1.301379,-.852899,0,0,0,1
.905121,1.326681,2.537315,3.297931,1.123792,1.596023,.656122,.159375,0,0,0,1
.03978,.42086,1.340183,1.923969,.744239,-.734204,-1.355963,-.554978,0,0,0,1
-1.260736,-.306099,.873531,1.321996,-.676626,-1.227257,-2.010237,-2.263827,0,0,1,0
.602249,-.05208,-.18666,-.208168,-1.232605,-.22185,-1.203744,-1.576762,0,0,1,0
-1.75315,-.822812,.887267,1.269625,.620839,.816519,-.062124,.12488,0,0,0,1
1.466461,3.156341,3.954071,2.476454,.92212,-2.380363,-2.350776,-1.258482,0,0,1,0
-.235657,2.209021,3.066599,2.218941,.191462,-1.128267,-1.680836,-.97944,0,0,1,0
-2.507481,-1.174831,-.896482,-.188621,.518856,-.058706,-1.193961,-1.022387,0,0,0,1
2.037203,2.088968,2.949894,1.63341,-.661566,-1.633311,-1.727045,-.790644,0,0,0,1
.973951,2.182714,.905151,2.07886,-.777965,-.483521,-.266265,.400261,0,0,1,0
-.633599,-.239497,-1.422181,-.459353,1.425862,1.340982,2.045881,2.108009,0,0,0,1
.68665,2.013216,1.575068,.904319,-.379741,-.321962,-.628944,.140657,0,0,0,1
-.647517,-.297516,-.009756,.558939,-.892459,-.659117,-1.858101,-1.10734,0,0,1,0
-1.566499,-.384674,.010359,.467269,-.760643,-2.120671,-1.384901,-2.159037,0,0,1,0
1.549504,2.821091,2.49694,3.135886,1.222717,-.260974,-.530205,-.227599,0,0,1,0
-1.717114,.990398,.920781,2.758003,-.258916,-3.059231,-3.603469,-3.279994,0,0,1,0
.048186,1.163352,.713398,1.028844,.937919,-.121492,-.85746,-.607566,0,0,1,0
-.953173,-2.158399,-1.631626,-.66808,.365821,-.750474,-1.607317,-1.508131,0,0,1,0
.985737,.790806,2.220112,1.740582,-.920112,-1.361257,-1.133058,-1.876669,0,0,0,1
-.461265,.594864,-.313616,1.27849,.346142,.036047,-.942929,.262643,0,0,1,0
-1.119784,-2.586278,-1.622026,-1.404314,-.312547,-.889085,-1.181222,-.220766,0,0,1,0
.701469,2.254721,2.639634,4.079905,.016061,-2.610514,-2.378563,-3.477726,0,0,1,0
.291645,.081549,.961134,1.201544,.740065,-.532206,.238484,-.360148,0,0,0,1
-.424257,.128179,-1.434141,-1.197708,-.722877,-.508403,-1.615463,-3.041432,0,0,1,0
.279096,1.007235,-.065798,-.023396,.469275,-1.293216,.490645,.749949,0,0,0,1
.812577,1.532537,1.183577,1.407389,.34684,-.050478,-.02492,.932063,0,0,0,1
.154192,.603814,.187936,-1.709803,-.369497,-1.666571,-.838592,-1.367697,0,0,0,1
-1.073858,-.434063,.118406,.055923,1.809864,.069577,-.672073,1.374316,0,0,1,0
-.482305,-.508953,-1.502228,-1.046035,-.288019,-1.116193,-1.855891,-1.95112,0,0,1,0
.509149,-.896054,-.145349,.640797,.718096,-.429734,-.78373,.346714,0,0,1,0
.479724,1.712624,-.470687,-.188996,-.283887,-1.084131,-1.339224,-.47061,0,0,0,1
1.456743,1.571788,2.611728,2.838888,-1.530358,-2.218446,-4.234648,-4.072886,0,0,1,0
-.085994,1.106707,-.376434,.524109,.504897,.111444,.543024,.478987,0,0,0,1
.163676,1.484342,.538868,2.294938,2.042132,-.119174,-1.185745,-.925278,0,0,0,1
1.275589,1.4596,3.010327,2.611591,-.582223,-1.456676,-3.090843,-1.629394,0,0,1,0
-2.668179,-.870396,-1.118514,-.913539,.816156,-1.507347,-1.940474,-1.684705,0,0,1,0
1.494882,1.37855,1.715514,1.313371,-.274998,-3.415674,-1.726006,-1.226592,0,0,1,0
-.514365,-.234729,.166067,1.039195,.468513,.352457,-.063896,-1.486133,0,0,0,1
-.331167,-.141315,2.529454,2.018602,-.051002,.556019,-.102327,.472573,0,0,0,1
1.15048,1.80314,.40364,.071487,.093025,.559872,-.188141,-1.026277,0,0,0,1
-1.267064,-1.904789,1.152057,.875535,-.114873,1.402924,-1.632014,-1.414718,0,0,0,1
.209048,.407426,-.021796,1.228577,1.110224,.725532,.627949,.064843,0,0,0,1
-.542628,-1.716582,-2.625793,-2.920615,.341737,-.091539,.897094,.589635,0,0,0,1
.726987,-.119748,.989082,.433248,-.821397,-.754732,-.265645,.153203,0,0,0,1
-1.429599,-2.272776,-1.595252,-3.368252,-.728951,-.891774,-1.85913,-1.186105,0,0,0,1
1.076699,.629433,.889001,.970234,.363424,-.691005,-.804469,.297529,0,0,0,1
1.887289,2.352783,1.675546,2.560602,.753721,-1.241289,-1.523885,-1.482721,0,0,1,0
1.954794,.869229,.853178,1.519363,-.568015,-.174092,-1.765343,-1.786642,0,0,0,1
-.810957,.408352,.30985,1.637389,-.135421,-1.063012,-.918073,-1.136839,0,0,1,0
-1.309061,-1.383053,-1.623849,-1.438383,-1.353192,-.886011,-.659138,-1.391797,0,0,0,1
.345341,1.078918,1.389064,2.658587,-.90059,-1.842428,-2.791547,-3.036137,0,0,0,1
1.580741,3.412963,2.703791,3.702715,-1.35776,-2.181012,-1.570892,-1.069074,0,0,1,0
-.247848,1.454093,2.184113,1.469267,.324754,-1.130662,-.158535,-1.870748,0,0,1,0
-2.770733,-.469596,-.390773,-.39566,-.324433,-1.200318,-1.727536,-1.884906,0,0,1,0
-.568934,.78848,2.058916,.410714,-.578969,-.400831,-1.805695,-2.044819,0,0,1,0
-1.904248,-1.253801,-2.065338,-1.415886,1.578901,-.762176,.337602,-.231444,0,0,0,1
.15183,1.324309,1.266002,1.68307,-.859506,-1.692198,-1.650493,-2.102402,0,0,0,1
-1.008781,-2.421651,-.277572,.145031,.251159,1.003501,.174633,-1.060336,0,0,0,1
-1.004797,-.230733,.09686,-.950675,-.819883,-.995606,-.749572,-.017675,0,0,0,1
.463528,.661672,.767111,.363816,.471126,.090781,.564473,.331144,0,0,0,1
-.429569,1.202012,1.535645,-.300837,-.000617,.834095,.667069,.126,0,0,0,1
.368384,2.288541,2.380399,2.845008,1.527676,-.362174,-.015999,-.19086,0,0,1,0
.426054,.744907,-.002026,1.37835,-2.304499,-1.988328,-2.147231,-4.476364,0,0,0,1
-2.086877,-1.450964,-1.133797,-1.092903,.064831,-1.451961,-2.252819,-2.062081,0,0,1,0
.700336,.102917,-1.201422,-.009666,-1.650555,-1.945815,-2.317785,-2.335329,0,0,0,1
.663692,-.205429,.826373,-.476534,.753722,1.702703,2.468426,1.514067,0,0,0,1
1.415993,-.023933,-.132794,.805935,-.542767,-1.602335,-1.417049,-2.050555,0,0,1,0
-1.060004,1.242896,1.177797,.745515,-1.318893,-.668587,-2.705995,-.831424,0,0,0,1
-1.321031,-2.334634,-1.614052,-1.241866,-.397174,1.51236,1.08869,-.068,0,0,0,1
.642306,1.173956,2.134353,2.613331,.225946,-.528345,-1.204043,-1.726107,0,0,0,1
-.583714,.225215,.632663,-.82467,-.474453,1.292685,1.077709,1.876934,0,0,0,1
1.389084,-1.300467,-.652069,.187261,-.239574,-.676595,-.555025,-.024745,0,0,1,0
1.634354,1.474448,1.582454,1.701973,-.435294,.267715,-1.192177,-1.414093,0,0,1,0
.427083,.514965,1.465445,1.015091,2.707986,-.351673,-.756327,.020271,0,0,1,0
-.258202,-1.401871,-2.353622,-1.593176,.297388,1.036895,.147777,.024838,0,0,0,1
-.619073,.991501,1.641323,-.051376,1.409805,-.957963,-1.703523,-1.071511,0,0,1,0
.666551,1.809433,2.238178,2.286073,-.708146,.296087,-.551932,-.088798,0,0,0,1
2.045051,2.051904,.667322,1.516877,1.126999,.083884,-.242996,-.682529,0,0,1,0
-.56958,1.042035,.273117,1.54684,1.182565,-.52322,.051217,-.411999,0,0,0,1
1.474476,.860721,1.120924,1.097634,.007356,-1.847983,-1.318695,-1.762989,0,0,1,0
-1.589546,.192066,1.646074,2.053081,-.170273,-.253165,-.900778,-.724912,0,0,0,1
-1.096635,1.058664,.974832,.442748,-.288757,-1.640146,-1.230059,-.396305,0,0,1,0
.083602,-.222108,.732363,.913541,-.296724,-.953547,-1.932278,-1.398015,0,0,0,1
-.491564,1.669311,.857721,.458243,1.977121,1.327988,1.541324,-.021385,0,0,1,0
.395669,1.509638,1.464683,2.370788,-.130131,-1.097806,-.857207,-1.642132,0,0,1,0
-.158008,-1.929533,-.983003,-1.443156,2.411333,2.422052,2.355169,1.330881,0,0,0,1
-.417861,1.94299,2.443018,2.319871,-1.536461,-2.176712,-2.824487,-3.075623,0,0,1,0
-1.111768,-1.341032,-1.016472,.701516,-.650563,-.568245,-.805347,-1.784952,0,0,1,0
-.572869,2.102802,2.231904,2.745832,.024354,-1.429793,-.920141,-1.629809,0,0,1,0
.394085,1.135933,.943907,1.321641,1.291553,-.209077,1.054939,-.734786,0,0,1,0
.279528,.965467,1.526984,2.735932,.213085,-.434964,-1.146503,.645357,0,0,1,0
-.672689,-.105523,.220598,.368435,.420964,-.167048,-.082437,-.328901,0,0,1,0
.223021,1.364221,.181747,1.964823,1.926383,1.336862,.718383,1.546715,0,0,1,0
.257713,1.289475,2.848348,4.196514,-1.187137,-.371953,-1.492465,-2.124548,0,0,0,1
1.012391,2.564743,2.989058,5.654033,.892267,-.457266,-.387051,-1.677952,0,0,1,0
.516451,-1.402969,-.235499,-.409264,-.52102,-1.041186,-.994045,.213655,0,0,1,0
1.894397,2.593259,1.347558,1.659359,-.897448,-2.592776,-.486755,-.796313,0,0,1,0
.840483,2.70771,2.377728,3.305732,.623499,-1.93009,-1.590551,-1.492278,0,0,1,0
2.382347,2.413059,1.537309,1.179112,-1.432759,-1.28696,-.305656,.096634,0,0,1,0
-.26985,.333705,2.110406,2.821375,-.210856,-.037892,-.378506,.175383,0,0,0,1
-.792149,1.142065,2.1736,2.535289,1.205638,.492454,-1.172197,-.566157,0,0,1,0
.159176,2.450066,.947388,2.02041,-.476467,-.688893,-.729082,-.474101,0,0,1,0
-.339658,-.562632,-.221649,-.044876,-1.796278,-1.946943,-.937889,-.889229,0,0,1,0
1.504249,-.332213,-.752337,-.462859,.204164,-.355162,-.383185,-.409147,0,0,1,0
.497113,1.796028,3.1513,2.235728,-2.153445,-4.043291,-3.02989,-3.335219,0,0,1,0
1.746198,-1.317575,-.779553,-.20022,-.513754,-.444734,-1.296612,-1.136347,0,0,1,0
-.224595,-.362543,-.455531,.20471,-.189257,-.14144,.156474,.40418,0,0,0,1
.649722,1.444536,.653265,1.104578,-.759022,.728185,-1.3558,-.871331,0,0,0,1
1.102995,1.878176,1.670731,2.525584,-.810813,-1.936695,-2.422582,-2.350505,0,0,1,0
.115381,1.097749,-.377966,.846491,-1.701395,-.622488,-1.657676,.589646,0,0,0,1
-.244012,.905374,3.597767,4.21948,-.192146,-2.089727,-.760367,-1.797158,0,0,1,0
-1.726641,-.854403,-2.572415,-2.175425,-.853326,-1.874658,-1.928498,-2.443664,0,0,1,0
.356954,.859396,.240215,1.208503,-1.082727,-1.92538,-1.513889,-1.80129,0,0,1,0
1.536987,2.175988,1.818527,1.751535,.091986,-2.57316,-.419112,-1.250708,0,0,0,1
1.2122,.518108,-.167975,.79191,-.0434,.266489,-.554364,-.780472,0,0,1,0
-2.197255,-2.443095,-2.755329,-3.091768,-1.227552,.898526,-.482848,.434557,0,0,0,1
-2.34746,-1.105069,2.218517,1.984454,-.485778,-2.784902,-3.437682,-3.024188,0,0,1,0
-.668342,.221225,.482736,-1.907772,-.022762,.156885,1.681841,-.153409,0,0,0,1
-.124526,-.798722,.330573,2.159261,2.140328,.184667,.606406,.847901,0,0,1,0
1.742377,2.741337,2.545778,2.437708,-.567011,-.124752,-.247894,-.678495,0,0,0,1
1.260928,1.055263,3.864993,3.748008,.581428,.237382,-1.632947,-.566013,0,0,1,0
-1.023173,1.390761,.204232,1.97741,.135393,-2.186445,-.864287,-2.736613,0,0,1,0
1.78193,1.5306,2.021648,.9498,.415959,-1.515832,-2.701675,-2.032404,0,0,0,1
1.414818,1.897151,1.878818,1.777998,-.415025,-1.049619,-2.804722,-1.945806,0,0,0,1
.443605,-.073234,-.514254,-.487245,.400611,.180398,.066461,.770498,0,0,0,1
-.35024,1.772179,3.308634,2.952686,-.581184,-1.737977,-1.838763,-1.743317,0,0,1,0
-.045015,-1.240118,.393922,.294488,-.042774,.108291,-1.138937,-.553591,0,0,0,1
.423709,-.485698,-1.895843,-1.094261,.493727,-.600147,.589056,.234886,0,0,0,1
.236229,1.010893,1.49306,1.702465,1.63077,1.77748,.877976,.346924,0,0,0,1
-1.611266,-.796815,-.337286,.188353,.73635,-1.150903,-1.811298,-2.59616,0,0,1,0
.764131,1.170901,1.22651,.751699,-.800525,1.743802,-.127224,.326517,0,0,0,1
.726888,-.311483,-1.045416,-1.106527,-.403106,.300529,-.507831,-1.246312,0,0,1,0
.31461,1.37858,2.079572,2.189725,-.715058,-.255246,-.420966,-.94002,0,0,1,0
1.278918,2.1668,3.281022,1.687657,.281398,-.14164,-.805468,-.088226,0,0,1,0
.587345,.971821,.618923,.83908,-1.130171,-2.629756,-1.591412,-2.750088,0,0,1,0
.731094,2.375075,2.424324,2.644586,-.913791,-3.357901,-3.601134,-3.845235,0,0,1,0
-.880878,.131937,.168743,-1.246137,1.048031,.083566,.978873,.456455,0,0,1,0
-1.617313,-.504542,-.232097,1.158238,-.012521,-.972427,-.235867,-.113771,0,0,0,1
-1.545585,-1.334613,-1.51029,-.929945,-.465572,-.023445,-.958287,-.138337,0,0,0,1
1.030381,1.630357,1.741382,2.143671,2.154986,1.157565,.008186,.772438,0,0,1,0
-.510117,1.482403,2.438994,2.457066,1.814816,-.555654,-.337873,.335,0,0,1,0
-.349063,1.616622,.341849,-.850131,1.204614,.173444,.031061,.268411,0,0,0,1
-.392221,-.108788,-.354444,.394513,-.307493,-.164784,-.990512,-1.797119,0,0,1,0
.408273,1.099916,.00279,.785999,1.618849,.523572,.259373,1.028285,0,0,1,0
2.449463,1.584232,1.283847,2.709403,.551808,1.033962,-.420063,-.36494,0,0,0,1
1.750635,1.803826,1.325871,1.787735,.796073,.131958,.340872,.239848,0,0,0,1
.541306,1.952311,3.419589,3.764349,1.841294,1.261997,-.522083,.384966,0,0,0,1
-.091803,1.691389,2.25557,2.509313,-1.786699,-.939381,-2.035976,-1.237232,0,0,0,1
.52235,1.12028,1.618669,1.614794,1.102357,1.381531,-.231583,-.653212,0,0,1,0
.519891,-.135515,.198594,-.306394,-.157741,.475563,-.859583,-.946837,0,0,0,1
-.542576,-1.042314,-.571149,-.130836,1.487283,.167283,-.450123,-1.663084,0,0,0,1
1.364263,1.37885,.668559,1.756111,-.807811,.290057,.248171,-.564802,0,0,0,1
-1.84326,-.245379,-.500127,-1.025174,-.170059,-.179808,-1.747733,-1.122095,0,0,0,1
1.313592,1.511375,-.634812,1.027107,.33562,.714494,1.886905,.806981,0,0,0,1
1.070316,-.372496,1.60032,1.517523,-.624537,-1.264701,-1.201746,-2.44257,0,0,0,1
-1.186539,.367174,-1.018756,-.427948,1.10536,-.25496,-.981052,-.448738,0,0,1,0
1.24562,.234914,2.531771,3.70011,-.872668,-1.878171,-3.543042,-1.963106,0,0,1,0
.176943,2.477357,2.064421,3.602815,-.78342,-2.471728,-3.170467,-2.068102,0,0,1,0
.870514,1.680562,1.394097,2.151264,-1.14235,-.821328,-2.771651,-1.632068,0,0,0,1
-.817328,.697746,-.70753,-.600697,-.624478,-.985135,-1.765007,-1.230813,0,0,1,0
.918095,1.162484,1.845867,3.561238,-1.150359,-.721621,.000231,.063625,0,0,0,1
.509225,.773381,2.495632,.349323,-.063386,1.149375,-.970368,-.536017,0,0,0,1
1.348358,3.028182,2.076393,1.221736,-.63788,-1.011758,-1.025458,-1.25854,0,0,0,1
-1.592722,-.638552,-.697295,-.859081,.321788,-1.24935,-.966294,-.927119,0,0,1,0
1.677027,2.183487,1.758653,3.65471,-.2421,-.581368,-2.14289,-1.217341,0,0,1,0
-.692881,.834142,3.104658,3.556456,1.783806,-.647489,-.554661,-.994593,0,0,1,0
-1.208647,-.667198,-.871812,-1.808429,-.809,-.483801,-.398531,-1.438814,0,0,0,1
.555754,.242553,.943698,.443717,1.300296,.870007,.171699,1.006361,0,0,0,1
.498505,2.128438,1.159909,1.884694,-.908473,-1.833885,-1.580817,-1.336746,0,0,1,0
1.44529,1.376122,3.331469,2.511201,-1.466314,-1.252519,-1.917134,-1.974324,0,0,0,1
-.012213,.085923,-.676948,-.724733,-.660038,-2.259844,-2.661677,-1.563369,0,0,1,0
-.878128,-1.091082,-1.434382,-1.527264,.586266,-1.327169,-.741579,-2.122656,0,0,0,1
-.762723,.233133,-.865201,.422429,3.212271,1.602293,1.487052,1.095998,0,0,0,1
-.568743,-.075673,-.584861,-.868064,-.648586,-.576511,-1.26792,-.416039,0,0,0,1
-.327664,-.830746,-.947531,.422696,-.00597,-.405376,-1.322934,-1.123195,0,0,1,0
-.520933,.410918,.947063,.120424,.639007,-3.313574,-3.193683,-2.319428,0,0,1,0
-.076464,1.435316,-.342142,.225404,-.036345,-1.223099,.422063,-.309687,0,0,0,1
.593331,2.024788,1.002855,-.22292,.912892,-.148457,.274737,.677977,0,0,0,1
.640106,.644206,-.012197,1.371418,-1.640086,-.449068,-.185439,-.887091,0,0,1,0
